110
101
171
114
143
137
136
133
142
100
132
181
111
192
132
183
148
134
1000301
1000340
153
115
140
175
180
195
116
112
147
182
142
189
166
182
166
171
160
134
132
143
116
190
143
109
159
175
105
131
174
173
110
118
167
133
134
192
156
140
170
106
191
193
193
156
103
115
132
181
196
136
139
152
185
192
109
151
173
181
143
146
163
198
109
156
123
181
199
124
129
172
166
112
133
159
191
134
109
120
102
112
1000042
1000113
122
119
178
163
190
169
178
105
126
185
167
198
124
128
190
193
142
111
157
182
107
109
154
194
112
141
171
158
156
112
124
183
130
159
118
166
182
112
129
180
190
102
153
188
117
124
190
114
172
137
148
155
133
115
140
135
164
119
156
138
191
156
102
159
176
130
155
154
149
176
152
117
162
194
194
186
115
177
150
127
114
119
138
185
178
159
145
160
172
111
101
104
117
147
110
148
160
147
185
198
